7.246400000000000396e+00
5.251400000000000290e+00
4.700300000000000367e+00
4.262999999999999901e+00
3.901499999999999968e+00
3.582699999999999996e+00
3.418899999999999828e+00
3.270099999999999785e+00
3.156800000000000050e+00
3.150900000000000034e+00
3.113100000000000200e+00
3.068400000000000016e+00
3.005700000000000038e+00
2.928799999999999848e+00
2.908599999999999852e+00
2.892500000000000071e+00
2.893100000000000005e+00
2.859399999999999942e+00
2.791700000000000070e+00
2.752200000000000202e+00
2.795199999999999907e+00
2.753000000000000114e+00
2.804899999999999949e+00
2.732600000000000140e+00
2.724699999999999900e+00
