7.643399999999999750e+00
6.146700000000000053e+00
5.402899999999999814e+00
5.025000000000000355e+00
4.857700000000000351e+00
4.635299999999999976e+00
4.408500000000000085e+00
4.252900000000000347e+00
4.092699999999999783e+00
3.924700000000000077e+00
3.545900000000000052e+00
3.703199999999999825e+00
3.612299999999999844e+00
3.438600000000000101e+00
3.309400000000000119e+00
3.169599999999999973e+00
3.183699999999999974e+00
3.180099999999999927e+00
3.142799999999999816e+00
3.129199999999999982e+00
3.103699999999999903e+00
3.101700000000000124e+00
3.058499999999999996e+00
3.036099999999999799e+00
2.963299999999999823e+00
3.037799999999999834e+00
2.880799999999999805e+00
2.940300000000000136e+00
2.922200000000000131e+00
2.842000000000000082e+00
2.802700000000000191e+00
2.863900000000000112e+00
2.852500000000000036e+00
2.795999999999999819e+00
2.911900000000000155e+00
2.803300000000000125e+00
2.702700000000000102e+00
2.797000000000000153e+00
2.750199999999999978e+00
2.668400000000000105e+00
2.709600000000000009e+00
2.744200000000000195e+00
2.743100000000000094e+00
2.648600000000000065e+00
2.692099999999999937e+00
2.723500000000000032e+00
2.737999999999999989e+00
2.637199999999999989e+00
2.686799999999999855e+00
2.733400000000000052e+00
