1.403044784330999619e+03
1.908332480765980392e+02
1.099801615519767353e+02
7.102273236844898463e+01
4.947660838474300959e+01
3.597053028416884501e+01
3.053580715224368802e+01
2.631397060876129501e+01
2.349529057492229711e+01
2.335707649300768907e+01
2.249065748291755895e+01
2.150746318965778059e+01
2.020035139403173119e+01
1.870517081857892450e+01
1.833111703029445394e+01
1.803834915153357343e+01
1.804917540857681857e+01
1.745105316286436903e+01
1.630872107486219136e+01
1.567708355727828007e+01
1.636590160618223777e+01
1.568963024212888513e+01
1.652542328110467551e+01
1.537280439626143114e+01
1.525183768915107585e+01
