2.086826980102267498e+03
4.671731687671376676e+02
2.220494267257923582e+02
1.521702561126696196e+02
1.287277874500566668e+02
1.030588310073478340e+02
8.214615181583259584e+01
7.030901312092572653e+01
5.990140735976071795e+01
5.063788441458157763e+01
3.467087509235111753e+01
4.057694304529096740e+01
3.705117258651040402e+01
3.114332697583499154e+01
2.736869932495694613e+01
2.379796326703092646e+01
2.413589134342981879e+01
2.404915834765747462e+01
2.316864833767323972e+01
2.285568767652878819e+01
2.228023583373176209e+01
2.223571989284383932e+01
2.129558980779341582e+01
2.082387156437236087e+01
1.936176025543274548e+01
2.085930225358473322e+01
1.782853030024375940e+01
1.892152191744693113e+01
1.858212319499667942e+01
1.715003132258368268e+01
1.648910731209959479e+01
1.752975985934684289e+01
1.733105536453572881e+01
1.637899956595252959e+01
1.839170963931152514e+01
1.649900374511986456e+01
1.491996128599805616e+01
1.639538675774878840e+01
1.564576072343850477e+01
1.441688371540122127e+01
1.502326500685119726e+01
1.555216722038737132e+01
1.553506924205707129e+01
1.413423685575930122e+01
1.476264494597118926e+01
1.523354646085602049e+01
1.545604207947845410e+01
1.397402151815632898e+01
1.468460990328759586e+01
1.538510756038792060e+01
